"응답자 특성별(1)",응답자 특성별(2),2022,2022,2022,2022,2022,2022,2022,2022,2022,2022,2022,2022
"응답자 특성별(1)",응답자 특성별(2), 0 (전혀 만족하지 않는다) (%),1 (%),2 (%),3 (%),4 (%),5 (보통) (%),6 (%),7 (%),8 (%),9 (%),10 (매우만족한다) (%),10점평균 (점)
"전체",소계,0.6,0.5,1.4,2.9,3.6,29.6,13.8,17.6,16.4,7.8,5.7,6.39
"권역별",북부권,0.6,0.5,1.4,3.0,3.6,29.1,14.7,18.4,16.3,7.3,5.0,6.36
"권역별",서해안권,0.4,0.5,1.5,2.5,4.0,28.2,11.6,16.5,17.1,8.3,9.4,6.59
"권역별",내륙권,0.4,0.4,1.5,2.5,3.0,30.9,11.8,15.4,17.8,10.0,6.3,6.52
"권역별",금강권,0.6,0.8,1.3,3.0,4.2,31.8,14.4,17.5,14.3,7.0,5.0,6.25
"시군별",천안시,0.7,0.5,1.8,3.5,3.8,28.3,12.5,19.1,17.4,7.3,5.0,6.36
"시군별",공주시,0.1,0.7,1.9,2.8,3.2,39.6,15.9,15.1,11.8,5.0,3.8,6.03
"시군별",보령시,0.4,0.5,1.1,2.8,5.6,34.1,12.1,14.5,14.9,8.6,5.4,6.29
"시군별",아산시,0.7,0.4,1.0,2.7,2.7,28.1,11.7,18.6,18.2,9.0,6.8,6.57
"시군별",서산시,0.5,0.6,1.3,2.4,4.5,33.7,25.8,15.1,9.5,4.4,2.3,5.95
"시군별",논산시,0.8,0.4,1.3,3.1,4.9,33.9,15.5,15.9,12.2,6.4,5.6,6.17
"시군별",계룡시,0.6,0.2,1.1,2.1,2.4,22.6,9.7,16.9,22.9,12.4,9.0,6.93
"시군별",당진시,0.5,0.4,0.9,2.2,3.8,29.6,17.1,18.5,15.3,7.2,4.4,6.36
"시군별",금산군,0.7,1.3,1.3,3.3,4.2,26.4,15.3,18.1,17.1,7.5,4.8,6.33
"시군별",부여군,0.3,1.0,1.4,2.6,2.9,32.5,11.8,19.9,15.9,7.8,4.0,6.33
"시군별",서천군,0.2,0.2,1.0,2.0,3.0,14.3,15.0,26.3,23.1,6.9,8.1,6.94
"시군별",청양군,0.7,0.4,1.7,2.5,5.3,17.0,13.2,19.2,25.4,11.5,3.1,6.69
"시군별",홍성군,0.1,0.3,0.9,2.0,1.2,24.2,9.3,13.7,23.3,16.6,8.6,7.07
"시군별",예산군,0.8,0.4,2.1,2.9,4.3,37.4,9.8,15.6,13.5,6.6,6.9,6.20
"시군별",태안군,0.6,0.8,2.6,2.3,2.5,30.7,8.0,11.5,15.4,9.0,16.6,6.75
"성별",남자,0.5,0.6,1.4,2.9,3.4,29.5,13.6,18.0,16.6,7.6,5.9,6.41
"성별",여자,0.6,0.5,1.5,2.8,3.9,29.8,14.1,17.1,16.2,8.1,5.4,6.38
"연령별",15~19세,0.1,0.1,1.1,2.7,3.5,28.5,12.7,18.0,19.3,8.0,6.1,6.56
"연령별",20대,0.8,0.2,0.9,2.8,4.2,24.4,14.3,17.1,20.3,8.3,6.9,6.60
"연령별",30대,0.6,0.4,1.4,2.6,2.7,26.6,12.3,19.7,18.2,8.9,6.6,6.58
"연령별",40대,0.7,0.3,1.3,2.8,2.8,27.0,12.8,20.0,18.6,7.8,6.1,6.53
"연령별",50대,0.6,0.5,1.1,2.9,3.7,30.4,15.0,17.3,15.1,8.2,5.2,6.36
"연령별",60세이상,0.4,0.9,2.0,3.1,4.2,34.1,14.4,15.7,13.2,7.0,4.8,6.15
"학력별",초졸이하,0.7,1.2,2.4,3.6,5.0,36.0,14.7,14.2,11.7,6.2,4.3,5.97
"학력별",중졸이하,0.4,0.9,2.5,3.0,4.6,34.2,15.7,14.9,12.2,6.7,4.8,6.09
"학력별",고졸이하,0.6,0.4,1.1,3.3,3.6,32.4,14.1,17.0,15.1,7.0,5.3,6.30
"학력별",대학이상,0.5,0.2,1.1,2.2,2.8,23.8,12.9,20.0,20.3,9.4,6.8,6.71
"학력별",무응답,0.0,0.0,0.0,0.0,3.9,51.1,13.1,20.8,3.1,0.0,8.0,6.00
"직업별",전문/관리,0.3,0.1,1.0,1.6,2.1,20.6,10.4,22.7,21.1,11.4,8.7,6.98
"직업별",사무,0.2,0.1,0.7,2.0,2.3,23.7,13.9,20.7,22.2,8.2,6.0,6.75
"직업별",서비스/판매,0.2,0.4,1.5,2.7,3.5,31.0,14.5,15.8,16.6,7.6,6.1,6.41
"직업별",농어업,0.2,0.2,0.9,2.4,3.3,31.2,15.4,18.0,14.5,9.0,5.0,6.43
"직업별",기능/노무 등,0.5,0.5,1.4,2.8,3.6,31.7,14.5,17.8,15.7,6.6,4.9,6.30
"직업별",직업없음,0.9,0.8,1.8,3.5,4.4,31.4,13.8,16.0,14.7,7.3,5.3,6.21
"직업별",무응답,0.0,0.0,8.8,0.0,0.0,35.6,13.8,4.4,11.9,21.8,3.7,6.38
"충남거주기간별",5년 미만,0.6,0.2,1.3,2.4,3.0,26.7,14.0,17.9,17.1,9.1,7.7,6.60
"충남거주기간별",5~10년 미만,0.8,0.2,1.5,2.8,2.6,27.4,12.5,19.3,18.3,9.1,5.4,6.51
"충남거주기간별",10~15년 미만,0.7,0.6,1.0,2.9,3.1,27.6,13.1,18.6,18.3,7.6,6.6,6.51
"충남거주기간별",15~20년 미만,0.3,0.3,1.8,1.9,3.6,29.0,12.5,18.8,18.3,7.7,5.9,6.50
"충남거주기간별",20년 이상,0.5,0.6,1.5,3.1,3.9,30.8,14.3,17.0,15.5,7.5,5.2,6.31
"충남거주기간별",무응답,0.0,0.0,59.1,0.0,0.0,0.0,0.0,0.0,0.0,40.9,0.0,4.86
"가구 소득별",100만원 미만,1.4,1.4,3.1,4.8,5.8,36.8,12.8,12.7,11.3,5.1,4.6,5.78
"가구 소득별",100~200만원 미만,0.5,0.9,2.0,4.4,5.8,32.9,13.6,15.9,12.1,6.5,5.4,6.08
"가구 소득별",200~300만원 미만,0.7,0.4,1.2,2.6,3.3,31.0,15.8,18.0,14.8,7.0,5.2,6.33
"가구 소득별",300~400만원 미만,0.1,0.3,1.5,2.4,2.7,30.6,14.8,17.8,17.4,7.7,4.7,6.44
"가구 소득별",400~500만원 미만,0.4,0.2,0.6,1.9,3.7,26.8,15.5,18.6,19.0,8.0,5.2,6.55
"가구 소득별",500만원 이상,0.3,0.2,0.7,1.9,2.0,23.7,12.0,20.3,20.6,10.6,7.6,6.84
"가구 소득별",무응답,0.0,0.0,5.0,2.1,3.6,53.4,9.6,7.2,17.8,1.2,0.0,5.60
"주거 점유 형태별",자기집,0.4,0.5,1.3,2.4,3.5,29.7,14.0,17.6,16.5,8.2,5.7,6.44
"주거 점유 형태별",전세,0.3,0.7,1.5,3.5,1.9,28.7,13.2,19.7,16.4,7.8,6.3,6.47
"주거 점유 형태별",월세/기타,1.1,0.6,1.8,4.0,4.8,30.0,13.4,16.4,15.9,6.5,5.4,6.21
"가구원 수별",1인가구,0.8,0.9,2.3,3.9,4.8,30.1,13.4,16.6,14.8,7.0,5.5,6.19
"가구원 수별",2인 이상가구,0.5,0.4,1.2,2.5,3.3,29.5,14.0,17.9,16.9,8.1,5.7,6.46
"종사상 지위별",임금 근로자,0.4,0.3,1.2,2.5,3.1,27.7,13.4,18.9,18.2,8.0,6.4,6.55
"종사상 지위별",비임금 근로자,0.3,0.3,1.2,2.3,3.0,30.4,14.8,18.1,16.1,8.5,4.9,6.44
"종사상 지위별",미취업자,0.9,0.8,1.8,3.5,4.4,31.4,13.8,16.0,14.7,7.3,5.3,6.21
"종사상 지위별",무응답,0.0,0.0,16.6,0.0,0.0,22.3,4.9,15.2,19.5,15.3,6.2,6.36
"가구원 유형별",가구주,0.6,0.6,1.7,3.1,3.7,29.8,13.6,17.7,15.7,7.6,5.9,6.36
"가구원 유형별",가구원,0.5,0.4,1.1,2.6,3.5,29.4,14.2,17.4,17.3,8.1,5.4,6.45
"주택 형태별",단독주택,0.4,0.6,1.6,3.1,4.0,31.9,14.8,16.7,14.3,7.3,5.2,6.27
"주택 형태별",아파트,0.5,0.3,1.3,2.5,3.3,27.8,13.3,18.8,17.9,8.3,5.9,6.51
"주택 형태별",연립/다세대주택,1.1,1.1,1.8,4.4,4.0,31.5,12.3,13.4,15.6,7.4,7.4,6.25
"주택 형태별",기타,2.5,1.1,2.2,2.3,2.5,25.3,12.1,17.6,20.0,8.1,6.2,6.40
"읍면동 구분별",동부,0.7,0.5,1.5,3.1,3.7,30.3,13.1,17.4,16.8,7.7,5.3,6.36
"읍면동 구분별",읍부,0.4,0.6,1.6,2.5,3.0,26.5,13.1,18.0,18.6,8.4,7.3,6.58
"읍면동 구분별",면부,0.5,0.6,1.2,2.9,4.1,31.4,15.6,17.6,13.8,7.5,4.8,6.28
"주거지 형태별",도시,0.6,0.5,1.5,2.9,3.4,29.1,13.1,17.7,17.2,7.9,6.0,6.43
"주거지 형태별",농촌,0.5,0.5,1.3,2.7,4.0,30.7,15.3,17.4,14.7,7.8,5.1,6.33
"주거지 형태별",어촌,0.3,0.7,3.5,3.0,6.0,26.7,13.3,16.2,21.1,5.2,4.1,6.23
